$ANSIBLE_VAULT;1.1;AES256
38653963303166653661653237366237616661393933623733656465386566313732396130346264
3639336337363032653031366130363633623036623837390a353165666330613861353731653336
30623237316464636336643832633432396366303935356232353564303363353535393037356364
3264396337653863320a656537376634633931333465653832373864363031313435666238376236
62393966303933613230396661653834636562356662393139666634383738353232313465333930
38303064636337373038313935386639343964316161383736613962626332303635336364343565
37643739366466363235623731373636616532393732316262363630623931336666663330393131
35366433643333316165663137633933643566386632376637633331346233316635353835383132
32636634303634303535313239373630383062626138646337653230353535376262393266363264
36326137323464383538636565313739373161626430383230633330666237303864356362303933
31366335613239373734323334653466666464663931623662326438326332616235373839363666
32626465653933326531653664613334643237663733363030313163313566396561373133346366
61623734393538643166396433623738623561393462356133373934366164646432663065396137
63663963633262616335396362623131646665313538656563663866333963623736303765373130
37333033333766623730643931346236623265393636343739303639383931616234373763626566
38643631333733393036363435373639326335353535333138333963326634656463373035623339
32366437313866353865393266373462393864396163396134366263316166663763396566356632
61613234303030303066626234373039313265373738626638313535383038353434336632373039
30616265613835376237626435313031343036386262646138313464653639366665323637396663
38633434653930653261663437653735626133343862376136643262336430396633393033393235
38363361363936346239613635363730393131636533616664346464663334366336386665626338
39386565303230613432336663356262346630633266306663373333306634353732373365656162
32373030386531613139666332323361666332613862643564346638316239393839373534343338
34636336623462663633313166316265313436383561396465333330656539396134633064626633
63383466336562346666326136626238376634323336623763313535643166323932386464396666
32333934313531376363633839643464653836313439653866333436323164643461626362383436
31323564333364633166633234363630613131306533353839643835323631313861303530353862
37646632633230636638643761646632373035346237666561616661366635376437623034663832
35303834656462643165303866313232343662353065393439636165613036306466323635346435
66323433626238353063666436303931336138316533303161663832333039383930643132626337
346465643030386631363065336234383035
